0.000,1.000,1.000,22.700,32.600,0.000,
0.050,3.000,2.000,22.700,32.600,0.000,
0.100,16.000,12.000,22.700,32.600,0.000,
0.150,34.000,28.000,22.700,32.600,0.000,
0.200,53.000,45.000,22.800,32.600,0.000,
0.250,76.000,67.000,22.700,32.600,0.000,
0.300,99.000,91.000,22.700,32.600,-1.000,
0.350,121.000,112.000,22.700,32.600,-1.000,
0.400,143.000,133.000,22.700,32.600,-1.000,
0.450,165.000,155.000,22.700,32.600,-1.000,
0.500,186.000,174.000,22.500,43.700,-2.000,
0.550,207.000,194.000,22.500,37.200,-2.000,
0.600,227.000,213.000,22.500,32.600,-2.000,
0.650,247.000,232.000,22.900,11.300,-2.000,
0.700,265.000,249.000,22.000,11.400,-3.000,
0.750,289.000,271.000,22.700,29.600,-3.000,
0.800,308.000,289.000,22.700,29.600,-3.000,
0.850,329.000,309.000,22.100,29.600,-4.000,
0.900,350.000,328.000,22.500,29.600,-4.000,
0.950,370.000,347.000,23.300,29.600,-5.000,
1.000,392.000,367.000,22.700,29.600,-5.000,
1.050,410.000,385.000,22.000,32.600,-5.000,
1.100,431.000,404.000,21.700,32.600,-5.000,
1.150,452.000,424.000,21.700,32.600,-6.000,
1.200,472.000,443.000,22.100,23.700,-6.000,
1.250,493.000,463.000,21.200,23.700,-6.000,
1.300,514.000,483.000,21.700,23.700,-6.000,
1.350,533.000,502.000,21.700,23.700,-6.000,
1.400,555.000,523.000,21.200,23.700,-7.000,
1.450,574.000,542.000,21.300,23.700,-7.000,
1.500,595.000,562.000,21.100,74.400,-7.000,
1.550,615.000,582.000,21.100,73.000,-7.000,
1.600,633.000,600.000,20.600,72.100,-7.000,
1.650,655.000,621.000,20.700,32.100,-7.000,
1.700,676.000,641.000,20.400,69.800,-7.000,
1.750,696.000,659.000,20.300,68.900,-8.000,
1.800,717.000,679.000,20.300,68.700,-8.000,
1.850,738.000,700.000,19.800,32.100,-8.000,
1.900,759.000,720.000,19.900,66.800,-8.000,
1.950,780.000,741.000,19.700,65.400,-8.000,
2.000,801.000,761.000,19.100,64.500,-8.000,
2.050,821.000,781.000,19.000,62.600,-8.000,
2.100,840.000,801.000,19.000,62.200,-8.000,
2.150,861.000,822.000,19.000,60.900,-8.000,
2.200,881.000,843.000,19.000,60.500,-8.000,
2.250,900.000,863.000,19.000,59.500,-8.000,
2.300,920.000,884.000,19.000,58.200,-8.000,
2.350,939.000,904.000,19.000,57.800,-7.000,
2.400,957.000,923.000,18.100,56.700,-7.000,
2.450,977.000,943.000,18.100,55.900,-7.000,
2.500,997.000,963.000,17.400,55.000,-7.000,
2.550,1017.000,985.000,17.900,53.800,-6.000,
2.600,1035.000,1003.000,17.900,52.700,-6.000,
2.650,1057.000,1027.000,17.900,51.900,-6.000,
2.700,1074.000,1045.000,17.900,50.600,-5.000,
2.750,1094.000,1065.000,17.900,49.800,-5.000,
2.800,1113.000,1087.000,17.900,49.000,-4.000,
2.850,1130.000,1107.000,17.900,47.900,-4.000,
2.900,1143.000,1126.000,16.600,47.100,-3.000,
2.950,1147.000,1147.000,16.600,46.200,-1.000,
3.000,1143.000,1167.000,16.600,45.600,4.000,
3.050,1140.000,1185.000,17.000,45.200,11.000,
3.100,1148.000,1202.000,17.900,45.200,17.000,
3.150,1161.000,1219.000,18.100,44.700,20.000,
3.200,1176.000,1237.000,18.400,44.800,20.000,
3.250,1195.000,1256.000,18.400,43.500,20.000,
3.300,1214.000,1275.000,18.900,42.800,20.000,
3.350,1233.000,1295.000,18.900,41.800,20.000,
3.400,1253.000,1315.000,18.900,41.000,21.000,
3.450,1271.000,1336.000,19.000,39.700,21.000,
3.500,1289.000,1355.000,19.700,39.300,22.000,
3.550,1307.000,1377.000,19.900,38.400,23.000,
3.600,1325.000,1397.000,20.400,37.600,23.000,
3.650,1342.000,1417.000,21.100,36.500,24.000,
3.700,1361.000,1438.000,21.200,35.700,25.000,
3.750,1379.000,1458.000,21.900,32.100,26.000,
3.800,1397.000,1479.000,22.900,34.900,28.000,
3.850,1415.000,1502.000,22.900,34.000,31.000,
3.900,1431.000,1523.000,24.300,33.800,34.000,
3.950,1449.000,1543.000,25.100,34.500,38.000,
4.000,1465.000,1563.000,27.200,34.800,41.000,
4.050,1485.000,1585.000,32.600,36.100,45.000,
4.100,1503.000,1604.000,38.300,36.100,47.000,
4.150,1523.000,1624.000,33.000,44.600,49.000,
4.200,1542.000,1643.000,32.600,44.800,51.000,
4.250,1563.000,1663.000,32.800,44.500,53.000,
4.300,1581.000,1682.000,33.000,43.900,54.000,
4.350,1601.000,1702.000,41.100,45.600,56.000,
4.400,1623.000,1723.000,32.600,45.600,59.000,
4.450,1641.000,1741.000,32.600,45.600,60.000,
4.500,1661.000,1761.000,27.100,45.600,62.000,
4.550,1681.000,1782.000,26.500,45.600,64.000,
4.600,1699.000,1801.000,24.900,45.600,65.000,
4.650,1719.000,1821.000,24.300,45.600,66.000,
4.700,1739.000,1843.000,23.700,137.600,67.000,
4.750,1759.000,1863.000,23.300,137.600,69.000,
4.800,1777.000,1884.000,22.900,137.200,70.000,
4.850,1797.000,1905.000,21.100,137.200,72.000,
4.900,1817.000,1926.000,20.400,137.200,74.000,
4.950,1835.000,1947.000,19.900,137.200,75.000,
5.000,1854.000,1968.000,19.100,135.100,77.000,
5.050,1872.000,1988.000,19.000,135.100,78.000,
5.100,1891.000,2009.000,19.000,135.100,80.000,
5.150,1907.000,2028.000,18.400,130.900,81.000,
5.200,1926.000,2049.000,18.500,129.000,82.000,
5.250,1943.000,2069.000,18.300,129.000,83.000,
5.300,1960.000,2089.000,17.600,128.200,84.000,
5.350,1978.000,2109.000,17.900,126.200,86.000,
5.400,1995.000,2129.000,17.400,125.500,86.000,
5.450,2015.000,2152.000,17.000,124.600,87.000,
5.500,2032.000,2172.000,16.600,123.600,88.000,
5.550,2048.000,2191.000,16.600,121.700,89.000,
5.600,2067.000,2212.000,16.600,120.200,89.000,
5.650,2085.000,2231.000,16.400,119.600,90.000,
5.700,2103.000,2252.000,15.700,118.300,90.000,
5.750,2121.000,2271.000,15.700,78.400,91.000,
5.800,2138.000,2289.000,16.200,115.600,92.000,
5.850,2157.000,2311.000,17.300,115.600,92.000,
5.900,2177.000,2332.000,15.700,115.600,92.000,
5.950,2197.000,2353.000,15.400,115.600,92.000,
6.000,2217.000,2372.000,14.900,115.600,92.000,
6.050,2235.000,2393.000,15.400,35.700,93.000,
6.100,2256.000,2415.000,15.600,35.700,93.000,
6.150,2274.000,2433.000,15.600,107.400,94.000,
6.200,2292.000,2453.000,14.900,70.600,94.000,
6.250,2311.000,2474.000,14.900,70.600,94.000,
6.300,2329.000,2495.000,14.900,70.600,95.000,
6.350,2345.000,2513.000,14.900,105.000,95.000,
6.400,2365.000,2535.000,15.400,103.200,96.000,
6.450,2384.000,2556.000,15.400,103.200,97.000,
6.500,2405.000,2579.000,14.900,103.200,97.000,
6.550,2419.000,2595.000,15.400,103.200,98.000,
6.600,2437.000,2615.000,15.600,103.200,99.000,
6.650,2457.000,2636.000,14.900,100.200,99.000,
6.700,2475.000,2656.000,14.900,100.200,100.000,
6.750,2493.000,2676.000,14.900,97.500,100.000,
6.800,2513.000,2697.000,14.900,97.500,100.000,
6.850,2533.000,2718.000,15.800,44.600,101.000,
6.900,2551.000,2738.000,15.400,44.600,101.000,
6.950,2569.000,2758.000,15.400,44.600,102.000,
7.000,2589.000,2779.000,16.400,91.500,102.000,
7.050,2607.000,2799.000,15.600,90.100,103.000,
7.100,2626.000,2819.000,15.700,89.400,103.000,
7.150,2645.000,2840.000,16.200,89.400,103.000,
7.200,2663.000,2861.000,16.200,89.400,104.000,
7.250,2681.000,2880.000,15.700,89.400,104.000,
7.300,2699.000,2900.000,16.400,89.400,105.000,
7.350,2717.000,2921.000,18.300,89.400,105.000,
7.400,2735.000,2940.000,18.300,87.300,106.000,
7.450,2757.000,2963.000,16.600,77.900,107.000,
7.500,2774.000,2981.000,17.300,77.900,107.000,
7.550,2793.000,3001.000,17.300,77.900,107.000,
7.600,2813.000,3023.000,17.900,80.800,108.000,
7.650,2832.000,3043.000,17.400,78.700,108.000,
7.700,2851.000,3063.000,17.400,78.800,108.000,
7.750,2871.000,3083.000,17.900,77.200,108.000,
7.800,2890.000,3104.000,18.100,68.900,108.000,
7.850,2910.000,3124.000,18.300,75.800,109.000,
7.900,2929.000,3144.000,18.300,75.800,109.000,
7.950,2948.000,3163.000,18.900,75.800,109.000,
8.000,2968.000,3184.000,18.900,73.600,109.000,
8.050,2989.000,3206.000,18.900,72.100,110.000,
8.100,3007.000,3225.000,18.900,71.300,110.000,
8.150,3027.000,3246.000,19.100,70.600,110.000,
8.200,3047.000,3267.000,19.000,69.800,110.000,
8.250,3065.000,3285.000,19.100,68.700,111.000,
8.300,3086.000,3308.000,19.700,67.200,111.000,
8.350,3105.000,3328.000,19.900,66.800,111.000,
8.400,3124.000,3347.000,19.700,66.000,111.000,
8.450,3145.000,3369.000,20.300,65.100,112.000,
8.500,3165.000,3390.000,20.500,64.100,112.000,
8.550,3185.000,3409.000,20.400,62.500,112.000,
8.600,3205.000,3429.000,20.900,32.600,112.000,
8.650,3226.000,3449.000,20.900,61.800,112.000,
8.700,3249.000,3471.000,20.900,59.800,111.000,
8.750,3271.000,3493.000,20.600,58.600,111.000,
8.800,3291.000,3512.000,21.200,57.800,111.000,
8.850,3311.000,3531.000,24.300,47.500,111.000,
8.900,3331.000,3550.000,23.300,55.900,111.000,
8.950,3350.000,3569.000,22.100,55.100,111.000,
9.000,3371.000,3589.000,21.900,54.000,110.000,
9.050,3390.000,3607.000,21.900,53.200,110.000,
9.100,3412.000,3628.000,22.500,51.800,110.000,
9.150,3431.000,3647.000,22.700,32.600,110.000,
9.200,3452.000,3668.000,22.900,50.000,109.000,
9.250,3471.000,3686.000,22.800,49.200,110.000,
9.300,3491.000,3707.000,22.900,48.300,110.000,
9.350,3510.000,3727.000,23.300,46.900,110.000,
9.400,3525.000,3746.000,23.300,42.800,110.000,
9.450,3537.000,3767.000,23.700,45.200,111.000,
9.500,3548.000,3787.000,23.600,44.700,113.000,
9.550,3559.000,3808.000,24.100,43.900,116.000,
9.600,3569.000,3826.000,24.900,43.700,118.000,
9.650,3580.000,3849.000,25.100,42.800,121.000,
9.700,3585.000,3867.000,25.900,42.700,124.000,
9.750,3592.000,3889.000,27.100,42.000,128.000,
9.800,3600.000,3908.000,29.800,41.800,131.000,
9.850,3609.000,3927.000,30.400,41.800,135.000,
9.900,3618.000,3947.000,32.100,42.000,138.000,
9.950,3628.000,3967.000,32.600,42.000,141.000,
10.000,3639.000,3988.000,32.100,42.700,144.000,
10.050,3649.000,4008.000,32.900,42.700,146.000,
10.100,3663.000,4029.000,34.000,43.900,149.000,
10.150,3677.000,4048.000,35.700,43.900,150.000,
10.200,3697.000,4070.000,35.700,43.900,150.000,
10.250,3719.000,4089.000,38.900,43.900,150.000,
10.300,3737.000,4107.000,37.200,40.400,149.000,
10.350,3755.000,4125.000,36.500,40.400,148.000,
10.400,3774.000,4143.000,39.100,40.400,148.000,
10.450,3791.000,4159.000,35.700,40.400,148.000,
10.500,3812.000,4178.000,42.100,40.400,147.000,
10.550,3832.000,4197.000,38.400,40.400,147.000,
10.600,3848.000,4212.000,34.900,40.400,147.000,
10.650,3867.000,4231.000,34.000,40.400,147.000,
10.700,3875.000,4251.000,34.000,40.400,149.000,
10.750,3872.000,4271.000,49.600,40.400,151.000,
10.800,3873.000,4288.000,32.600,40.400,156.000,
10.850,3873.000,4309.000,32.600,40.400,160.000,
10.900,3875.000,4325.000,32.600,40.400,164.000,
10.950,3887.000,4345.000,32.600,40.400,167.000,
11.000,3905.000,4363.000,32.600,40.400,169.000,
11.050,3924.000,4381.000,32.600,40.400,169.000,
11.100,3943.000,4401.000,27.400,40.400,169.000,
11.150,3962.000,4421.000,26.700,40.400,169.000,
11.200,3979.000,4442.000,26.300,126.900,170.000,
11.250,3999.000,4465.000,25.100,126.900,170.000,
11.300,4011.000,4483.000,24.700,126.900,171.000,
11.350,4022.000,4503.000,24.300,126.900,173.000,
11.400,4033.000,4523.000,23.700,126.900,175.000,
11.450,4042.000,4543.000,23.300,126.900,176.000,
11.500,4053.000,4563.000,22.700,126.900,178.000,
11.550,4067.000,4581.000,22.500,126.900,180.000,
11.600,4083.000,4601.000,22.000,126.900,181.000,
11.650,4103.000,4621.000,22.100,126.900,182.000,
11.700,4121.000,4641.000,21.900,115.200,183.000,
11.750,4140.000,4661.000,21.700,115.200,183.000,
11.800,4159.000,4682.000,21.700,115.200,184.000,
11.850,4181.000,4704.000,21.900,112.100,185.000,
11.900,4198.000,4723.000,21.300,112.100,185.000,
11.950,4218.000,4744.000,21.100,110.700,185.000,
12.000,4239.000,4765.000,20.500,109.700,185.000,
12.050,4259.000,4784.000,20.300,32.200,185.000,
12.100,4281.000,4805.000,20.500,32.200,186.000,
12.150,4301.000,4826.000,20.500,32.200,185.000,
12.200,4321.000,4845.000,20.300,32.600,186.000,
12.250,4342.000,4866.000,19.800,10.300,185.000,
12.300,4362.000,4886.000,19.500,32.600,185.000,
12.350,4383.000,4905.000,19.900,103.800,185.000,
12.400,4404.000,4926.000,19.100,104.200,185.000,
12.450,4424.000,4945.000,19.100,32.600,185.000,
12.500,4444.000,4964.000,19.000,100.700,185.000,
12.550,4465.000,4984.000,19.000,99.300,184.000,
12.600,4484.000,5003.000,19.000,99.300,184.000,
12.650,4505.000,5023.000,19.100,99.300,184.000,
12.700,4527.000,5045.000,19.100,99.300,185.000,
12.750,4544.000,5063.000,19.100,96.200,185.000,
12.800,4565.000,5085.000,18.300,96.200,185.000,
12.850,4584.000,5102.000,18.500,96.200,184.000,
12.900,4604.000,5120.000,18.300,96.200,184.000,
12.950,4624.000,5141.000,18.100,96.200,184.000,
13.000,4644.000,5161.000,17.900,91.500,185.000,
13.050,4663.000,5181.000,17.500,91.500,185.000,
13.100,4684.000,5203.000,17.300,91.500,185.000,
13.150,4705.000,5224.000,17.500,91.500,185.000,
13.200,4724.000,5245.000,16.600,91.500,185.000,
13.250,4747.000,5267.000,16.600,91.500,185.000,
13.300,4762.000,5283.000,16.400,85.700,185.000,
13.350,4784.000,5305.000,16.200,32.600,185.000,
13.400,4801.000,5324.000,16.200,32.600,185.000,
13.450,4823.000,5345.000,15.700,32.600,186.000,
13.500,4841.000,5365.000,15.800,81.200,186.000,
13.550,4858.000,5385.000,15.600,81.200,187.000,
13.600,4877.000,5405.000,15.400,78.800,187.000,
13.650,4896.000,5425.000,15.400,77.800,187.000,
13.700,4913.000,5445.000,14.900,77.800,188.000,
13.750,4931.000,5465.000,14.500,77.800,189.000,
13.800,4951.000,5488.000,14.900,75.700,189.000,
13.850,4968.000,5506.000,14.700,75.700,190.000,
13.900,4988.000,5528.000,14.500,75.700,191.000,
13.950,5007.000,5549.000,13.800,39.700,191.000,
14.000,5025.000,5569.000,13.800,71.800,191.000,
14.050,5043.000,5589.000,13.900,69.700,192.000,
14.100,5062.000,5609.000,14.300,69.700,192.000,
14.150,5081.000,5629.000,14.300,37.000,193.000,
14.200,5099.000,5649.000,13.700,68.000,193.000,
14.250,5117.000,5668.000,13.700,66.800,193.000,
14.300,5137.000,5689.000,13.700,66.100,193.000,
14.350,5156.000,5709.000,13.700,35.500,194.000,
14.400,5174.000,5729.000,13.500,64.300,194.000,
14.450,5192.000,5749.000,13.500,62.400,194.000,
14.500,5209.000,5768.000,13.500,61.700,194.000,
14.550,5227.000,5788.000,13.900,60.900,194.000,
14.600,5246.000,5808.000,13.500,49.600,194.000,
14.650,5265.000,5829.000,13.000,59.500,193.000,
14.700,5283.000,5848.000,13.000,58.600,193.000,
14.750,5300.000,5868.000,13.000,57.200,193.000,
14.800,5317.000,5889.000,13.500,57.300,192.000,
14.850,5336.000,5908.000,13.000,56.300,191.000,
14.900,5355.000,5929.000,13.000,55.100,190.000,
14.950,5371.000,5947.000,13.000,54.600,189.000,
15.000,5391.000,5970.000,13.700,53.800,189.000,
15.050,5408.000,5989.000,13.900,52.500,189.000,
15.100,5427.000,6009.000,14.300,51.800,189.000,
15.150,5445.000,6029.000,14.900,50.400,188.000,
15.200,5462.000,6048.000,15.600,50.000,188.000,
15.250,5481.000,6070.000,32.800,49.100,187.000,
15.300,5501.000,6091.000,32.800,48.800,185.000,
15.350,5519.000,6109.000,32.800,48.100,184.000,
15.400,5539.000,6129.000,32.800,47.500,181.000,
15.450,5557.000,6149.000,17.500,46.900,179.000,
15.500,5575.000,6167.000,17.500,46.200,177.000,
15.550,5594.000,6188.000,17.500,45.600,176.000,
15.600,5612.000,6209.000,17.500,44.600,175.000,
15.650,5631.000,6230.000,17.500,44.300,174.000,
15.700,5647.000,6250.000,17.500,44.300,173.000,
15.750,5667.000,6262.000,17.500,43.500,171.000,
15.800,5687.000,6261.000,17.500,43.700,168.000,
15.850,5701.000,6255.000,164.000,43.700,164.000,
15.900,5721.000,6250.000,132.400,44.600,159.000,
15.950,5738.000,6251.000,132.400,46.000,156.000,
16.000,5756.000,6255.000,129.000,44.500,153.000,
16.050,5777.000,6263.000,128.600,44.300,151.000,
16.100,5795.000,6268.000,127.800,47.300,149.000,
16.150,5815.000,6274.000,127.800,46.200,146.000,
16.200,5834.000,6281.000,127.300,46.200,144.000,
16.250,5855.000,6287.000,127.300,46.200,141.000,
16.300,5875.000,6294.000,127.300,46.200,139.000,
16.350,5895.000,6300.000,80.400,46.200,138.000,
16.400,5916.000,6310.000,48.800,46.200,136.000,
16.450,5933.000,6321.000,48.800,46.200,136.000,
16.500,5955.000,6340.000,48.800,46.200,137.000,
16.550,5977.000,6355.000,132.500,66.000,138.000,
16.600,5996.000,6360.000,132.500,45.500,138.000,
16.650,6016.000,6361.000,132.500,46.000,138.000,
16.700,6035.000,6362.000,132.500,45.600,138.000,
16.750,6057.000,6363.000,132.500,46.400,138.000,
16.800,6076.000,6365.000,129.900,45.400,138.000,
16.850,6098.000,6367.000,129.900,45.400,138.000,
16.900,6117.000,6370.000,129.900,45.400,138.000,
16.950,6137.000,6377.000,129.900,45.400,138.000,
17.000,6154.000,6390.000,129.900,45.400,138.000,
17.050,6171.000,6405.000,129.700,45.400,139.000,
17.100,6191.000,6411.000,129.900,45.400,139.000,
17.150,6211.000,6413.000,130.100,45.400,136.000,
17.200,6232.000,6415.000,129.000,45.400,133.000,
17.250,6250.000,6415.000,82.700,45.400,129.000,
17.300,6271.000,6419.000,82.700,45.400,126.000,
17.350,6291.000,6428.000,82.700,105.200,123.000,
17.400,6310.000,6438.000,82.700,105.200,122.000,
17.450,6329.000,6445.000,11.800,150.300,121.000,
17.500,6348.000,6456.000,13.500,149.500,119.000,
17.550,6364.000,6471.000,13.900,149.000,119.000,
17.600,6382.000,6491.000,13.900,148.200,121.000,
17.650,6398.000,6511.000,13.900,147.400,122.000,
17.700,6416.000,6533.000,11.400,147.200,123.000,
17.750,6435.000,6554.000,11.400,146.400,125.000,
17.800,6453.000,6574.000,11.400,146.400,127.000,
17.850,6467.000,6590.000,9.100,146.400,128.000,
17.900,6487.000,6613.000,9.500,146.000,130.000,
17.950,6501.000,6631.000,10.100,146.000,131.000,
18.000,6519.000,6653.000,9.900,143.400,132.000,
18.050,6535.000,6673.000,10.900,143.400,133.000,
18.100,6553.000,6694.000,12.000,37.200,133.000,
18.150,6571.000,6714.000,12.000,37.200,134.000,
18.200,6590.000,6736.000,12.000,37.200,135.000,
18.250,6605.000,6754.000,12.800,34.500,136.000,
18.300,6623.000,6776.000,13.000,34.500,136.000,
18.350,6640.000,6795.000,13.900,138.500,137.000,
18.400,6656.000,6815.000,14.300,138.500,138.000,
18.450,6672.000,6835.000,14.500,36.400,139.000,
18.500,6691.000,6857.000,15.800,32.600,140.000,
18.550,6707.000,6876.000,16.200,32.600,141.000,
18.600,6723.000,6895.000,16.600,32.600,142.000,
18.650,6740.000,6916.000,18.300,32.600,143.000,
18.700,6758.000,6937.000,18.300,32.600,143.000,
18.750,6777.000,6959.000,18.300,32.600,144.000,
18.800,6795.000,6979.000,18.300,32.600,145.000,
18.850,6813.000,6999.000,18.300,32.600,145.000,
18.900,6832.000,7020.000,18.300,32.600,146.000,
18.950,6849.000,7040.000,20.900,32.600,146.000,
19.000,6871.000,7062.000,21.900,32.600,146.000,
19.050,6889.000,7081.000,23.700,32.600,147.000,
19.100,6908.000,7101.000,22.900,255.000,147.000,
19.150,6929.000,7123.000,24.300,47.500,147.000,
19.200,6947.000,7143.000,24.300,47.500,148.000,
19.250,6960.000,7160.000,24.300,47.300,148.000,
19.300,6973.000,7181.000,24.300,47.300,150.000,
19.350,6987.000,7200.000,28.000,47.300,152.000,
19.400,7002.000,7221.000,32.100,47.300,154.000,
19.450,7014.000,7241.000,32.100,47.300,155.000,
19.500,7026.000,7261.000,32.600,32.600,157.000,
19.550,7036.000,7281.000,32.600,24.100,160.000,
19.600,7045.000,7301.000,32.600,22.700,162.000,
19.650,7055.000,7321.000,32.600,22.100,165.000,
19.700,7065.000,7343.000,32.600,21.100,168.000,
19.750,7075.000,7363.000,32.600,41.100,171.000,
19.800,7085.000,7381.000,32.600,41.100,173.000,
19.850,7100.000,7399.000,116.400,41.100,175.000,
19.900,7119.000,7415.000,114.800,41.100,174.000,
19.950,7139.000,7429.000,114.800,41.100,173.000,
20.000,7163.000,7444.000,114.800,17.900,170.000,
20.050,7182.000,7457.000,114.800,16.600,169.000,
20.100,7203.000,7471.000,114.800,15.700,167.000,
20.150,7225.000,7486.000,114.800,15.700,165.000,
20.200,7244.000,7500.000,114.800,15.700,164.000,
20.250,7259.000,7517.000,43.700,15.700,163.000,
20.300,7271.000,7535.000,43.700,15.700,164.000,
20.350,7287.000,7551.000,92.300,15.700,166.000,
20.400,7303.000,7567.000,92.300,15.700,166.000,
20.450,7321.000,7583.000,111.400,15.700,165.000,
20.500,7343.000,7597.000,115.200,147.500,161.000,
20.550,7365.000,7613.000,115.200,147.500,154.000,
20.600,7375.000,7629.000,115.200,147.500,148.000,
20.650,7382.000,7649.000,40.800,147.500,144.000,
20.700,7389.000,7669.000,38.400,147.500,143.000,
20.750,7401.000,7688.000,39.100,111.900,141.000,
20.800,7417.000,7703.000,38.900,32.600,137.000,
20.850,7437.000,7719.000,38.300,32.600,133.000,
20.900,7459.000,7734.000,37.200,32.600,128.000,
20.950,7480.000,7748.000,37.200,32.600,124.000,
21.000,7501.000,7762.000,36.500,41.200,121.000,
21.050,7520.000,7775.000,37.200,40.800,120.000,
21.100,7539.000,7790.000,37.200,39.100,118.000,
21.150,7561.000,7805.000,37.200,38.400,117.000,
21.200,7580.000,7820.000,36.500,37.400,116.000,
21.250,7599.000,7835.000,37.200,37.400,115.000,
21.300,7619.000,7851.000,37.000,36.500,114.000,
21.350,7641.000,7868.000,37.000,35.500,113.000,
21.400,7658.000,7881.000,37.000,34.900,112.000,
21.450,7681.000,7897.000,36.400,34.800,110.000,
21.500,7701.000,7911.000,36.500,34.700,110.000,
21.550,7717.000,7923.000,36.400,33.400,109.000,
21.600,7739.000,7941.000,36.600,33.000,108.000,
21.650,7756.000,7953.000,36.600,32.100,108.000,
21.700,7780.000,7972.000,36.400,32.600,106.000,
21.750,7796.000,7983.000,36.400,32.100,105.000,
21.800,7818.000,7999.000,36.100,32.100,104.000,
21.850,7837.000,8012.000,35.700,32.100,102.000,
21.900,7857.000,8026.000,36.100,32.100,101.000,
21.950,7877.000,8040.000,35.700,32.600,100.000,
22.000,7899.000,8055.000,35.700,32.600,98.000,
22.050,7920.000,8070.000,35.500,32.600,97.000,
22.100,7940.000,8085.000,35.300,32.600,97.000,
22.150,7959.000,8098.000,34.900,32.600,97.000,
22.200,7981.000,8115.000,34.000,32.600,97.000,
22.250,8001.000,8129.000,34.000,32.600,98.000,
22.300,8020.000,8143.000,33.800,74.400,99.000,
22.350,8039.000,8157.000,33.600,38.900,99.000,
22.400,8060.000,8173.000,33.400,38.500,99.000,
22.450,8081.000,8189.000,33.000,38.400,100.000,
22.500,8101.000,8206.000,32.800,36.500,100.000,
22.550,8121.000,8223.000,32.600,34.800,100.000,
22.600,8140.000,8238.000,32.100,35.300,100.000,
22.650,8160.000,8255.000,32.600,34.900,100.000,
22.700,8181.000,8271.000,32.100,32.900,100.000,
22.750,8201.000,8287.000,32.100,32.600,100.000,
22.800,8222.000,8303.000,32.200,32.800,100.000,
22.850,8241.000,8318.000,32.000,32.600,99.000,
22.900,8266.000,8337.000,30.300,32.600,99.000,
22.950,8287.000,8353.000,30.800,32.600,98.000,
23.000,8306.000,8369.000,30.300,32.100,97.000,
23.050,8325.000,8384.000,30.400,32.600,97.000,
23.100,8347.000,8402.000,30.400,75.700,96.000,
23.150,8366.000,8417.000,30.300,75.600,95.000,
23.200,8388.000,8435.000,30.400,75.600,94.000,
23.250,8408.000,8451.000,30.400,75.600,93.000,
23.300,8430.000,8469.000,32.200,74.400,92.000,
23.350,8451.000,8486.000,32.100,72.200,92.000,
23.400,8471.000,8503.000,32.600,71.800,91.000,
23.450,8492.000,8523.000,32.600,71.300,90.000,
23.500,8505.000,8540.000,32.600,70.400,90.000,
23.550,8511.000,8557.000,29.000,69.300,92.000,
23.600,8513.000,8574.000,28.200,68.500,94.000,
23.650,8513.000,8593.000,26.500,67.200,97.000,
23.700,8516.000,8611.000,25.500,67.000,100.000,
23.750,8530.000,8629.000,25.100,65.300,102.000,
23.800,8549.000,8646.000,24.900,65.400,102.000,
23.850,8572.000,8666.000,24.900,64.400,101.000,
23.900,8591.000,8683.000,24.700,64.500,99.000,
23.950,8611.000,8701.000,24.300,63.500,98.000,
24.000,8633.000,8722.000,24.300,62.600,99.000,
24.050,8652.000,8741.000,24.100,32.100,99.000,
24.100,8673.000,8763.000,23.300,60.700,99.000,
24.150,8692.000,8782.000,22.900,59.900,99.000,
24.200,8715.000,8804.000,22.800,58.600,99.000,
24.250,8736.000,8824.000,22.700,58.200,98.000,
24.300,8756.000,8843.000,22.500,57.800,98.000,
24.350,8777.000,8861.000,22.500,32.600,97.000,
24.400,8796.000,8880.000,21.700,55.400,97.000,
24.450,8820.000,8902.000,21.300,53.700,96.000,
24.500,8837.000,8919.000,21.200,53.600,96.000,
24.550,8858.000,8939.000,21.900,52.700,96.000,
24.600,8879.000,8959.000,22.100,52.300,95.000,
24.650,8899.000,8979.000,22.000,50.400,95.000,
24.700,8920.000,8999.000,22.000,50.000,94.000,
24.750,8941.000,9018.000,22.500,49.200,93.000,
24.800,8960.000,9037.000,32.600,48.300,93.000,
24.850,8985.000,9059.000,32.600,48.100,92.000,
24.900,9003.000,9077.000,33.000,46.900,91.000,
24.950,9023.000,9095.000,33.000,46.000,91.000,
25.000,9044.000,9116.000,32.600,45.400,91.000,
25.050,9064.000,9135.000,20.400,44.300,90.000,
25.100,9084.000,9156.000,21.100,43.900,89.000,
25.150,9102.000,9175.000,19.800,43.300,88.000,
25.200,9121.000,9195.000,20.500,43.500,87.000,
25.250,9140.000,9216.000,20.400,42.500,86.000,
25.300,9157.000,9235.000,21.100,42.000,86.000,
25.350,9173.000,9255.000,20.400,40.300,86.000,
25.400,9190.000,9275.000,20.400,41.000,86.000,
25.450,9210.000,9297.000,20.400,39.700,86.000,
25.500,9226.000,9315.000,20.400,39.100,85.000,
25.550,9245.000,9337.000,21.100,39.100,83.000,
25.600,9261.000,9356.000,20.400,39.700,81.000,
25.650,9279.000,9378.000,20.400,38.900,80.000,
25.700,9296.000,9399.000,20.700,38.400,78.000,
25.750,9311.000,9417.000,22.000,38.400,77.000,
25.800,9330.000,9438.000,21.200,38.200,76.000,
25.850,9348.000,9459.000,21.200,38.300,75.000,
25.900,9366.000,9479.000,21.200,38.200,75.000,
25.950,9383.000,9499.000,20.900,38.200,74.000,
26.000,9401.000,9519.000,22.800,38.200,74.000,
26.050,9420.000,9541.000,32.600,37.200,73.000,
26.100,9439.000,9562.000,32.100,37.200,72.000,
26.150,9459.000,9581.000,146.400,38.300,71.000,
26.200,9477.000,9589.000,147.400,38.300,69.000,
26.250,9495.000,9591.000,32.600,38.300,67.000,
26.300,9513.000,9601.000,32.600,131.300,64.000,
26.350,9530.000,9615.000,24.100,131.300,62.000,
26.400,9546.000,9632.000,32.600,130.500,62.000,
26.450,9567.000,9655.000,32.600,130.500,61.000,
26.500,9586.000,9675.000,32.600,130.500,60.000,
26.550,9606.000,9695.000,22.800,130.500,59.000,
26.600,9625.000,9715.000,20.400,130.500,58.000,
26.650,9645.000,9735.000,20.900,130.500,57.000,
26.700,9666.000,9757.000,21.100,130.500,56.000,
26.750,9687.000,9778.000,23.500,130.500,55.000,
26.800,9706.000,9796.000,32.400,127.100,54.000,
26.850,9729.000,9818.000,22.500,121.900,53.000,
26.900,9749.000,9839.000,20.900,121.000,52.000,
26.950,9771.000,9860.000,20.300,120.100,51.000,
27.000,9791.000,9879.000,19.800,119.000,50.000,
27.050,9811.000,9900.000,20.300,99.200,49.000,
27.100,9832.000,9920.000,20.500,115.400,48.000,
27.150,9852.000,9939.000,20.900,44.800,47.000,
27.200,9873.000,9959.000,20.400,44.800,46.000,
27.250,9891.000,9979.000,20.500,44.800,45.000,
27.300,9911.000,9998.000,20.900,44.800,44.000,
27.350,9931.000,10019.000,21.100,44.800,43.000,
27.400,9952.000,10039.000,20.400,44.800,42.000,
27.450,9971.000,10059.000,21.300,44.800,42.000,
27.500,9991.000,10079.000,21.300,107.000,42.000,
27.550,10011.000,10099.000,21.200,77.300,42.000,
27.600,10031.000,10119.000,21.700,77.300,41.000,
27.650,10051.000,10139.000,21.300,77.300,41.000,
27.700,10074.000,10161.000,21.900,34.900,41.000,
27.750,10094.000,10181.000,21.200,34.900,40.000,
27.800,10116.000,10202.000,21.900,34.900,40.000,
27.850,10137.000,10223.000,22.100,34.900,40.000,
27.900,10157.000,10242.000,21.700,34.900,40.000,
27.950,10175.000,10261.000,21.900,32.100,40.000,
28.000,10198.000,10282.000,21.900,32.100,39.000,
28.050,10217.000,10300.000,22.000,32.600,39.000,
28.100,10238.000,10322.000,22.500,32.600,39.000,
28.150,10259.000,10342.000,22.100,32.600,39.000,
28.200,10279.000,10361.000,22.700,32.600,39.000,
28.250,10299.000,10380.000,22.000,32.600,39.000,
28.300,10318.000,10399.000,22.100,32.600,38.000,
28.350,10337.000,10418.000,22.000,91.500,38.000,
28.400,10357.000,10436.000,22.700,90.100,38.000,
28.450,10380.000,10457.000,22.500,90.100,37.000,
28.500,10400.000,10476.000,22.500,90.100,37.000,
28.550,10420.000,10494.000,22.500,88.500,36.000,
28.600,10441.000,10513.000,22.500,88.500,36.000,
28.650,10461.000,10533.000,22.900,84.800,36.000,
28.700,10484.000,10555.000,22.900,84.100,36.000,
28.750,10502.000,10574.000,22.900,84.100,36.000,
28.800,10521.000,10592.000,22.900,84.100,36.000,
28.850,10544.000,10615.000,22.500,84.100,36.000,
28.900,10565.000,10635.000,22.900,84.100,36.000,
28.950,10583.000,10652.000,22.500,13.700,35.000,
29.000,10602.000,10671.000,22.500,13.000,35.000,
29.050,10622.000,10690.000,22.000,12.600,35.000,
29.100,10642.000,10709.000,22.700,12.200,35.000,
29.150,10663.000,10729.000,22.000,10.900,35.000,
29.200,10683.000,10749.000,22.700,32.600,34.000,
29.250,10701.000,10767.000,22.700,10.100,34.000,
29.300,10723.000,10787.000,22.000,32.600,34.000,
29.350,10742.000,10806.000,22.000,9.500,34.000,
29.400,10764.000,10825.000,22.100,32.600,34.000,
29.450,10785.000,10845.000,22.500,70.600,33.000,
29.500,10807.000,10865.000,22.500,69.800,33.000,
29.550,10827.000,10885.000,22.000,68.000,32.000,
29.600,10847.000,10903.000,21.900,32.600,32.000,
29.650,10868.000,10923.000,22.000,66.100,32.000,
29.700,10889.000,10944.000,21.700,66.000,31.000,
29.750,10909.000,10963.000,22.100,64.900,31.000,
29.800,10929.000,10982.000,21.900,63.200,31.000,
29.850,10948.000,11000.000,21.900,62.600,31.000,
29.900,10970.000,11021.000,21.700,61.800,30.000,
29.950,10991.000,11041.000,21.700,60.900,30.000,
30.000,11010.000,11059.000,21.200,59.800,30.000,
30.050,11029.000,11079.000,21.200,58.600,30.000,
30.100,11049.000,11098.000,21.300,59.000,30.000,
30.150,11069.000,11117.000,20.400,57.400,30.000,
30.200,11091.000,11138.000,21.100,56.100,30.000,
30.250,11112.000,11159.000,20.900,55.500,30.000,
30.300,11132.000,11179.000,21.300,52.700,29.000,
30.350,11154.000,11199.000,21.900,32.100,29.000,
30.400,11175.000,11218.000,22.000,55.300,28.000,
30.450,11196.000,11237.000,21.700,63.500,28.000,
30.500,11217.000,11257.000,22.900,34.500,27.000,
30.550,11239.000,11277.000,24.300,50.400,26.000,
30.600,11257.000,11294.000,26.300,48.300,26.000,
30.650,11278.000,11314.000,57.800,47.300,26.000,
30.700,11298.000,11331.000,57.800,46.400,25.000,
30.750,11318.000,11348.000,32.600,45.200,25.000,
30.800,11339.000,11365.000,24.900,44.600,24.000,
30.850,11357.000,11382.000,25.100,43.500,23.000,
30.900,11377.000,11400.000,25.500,42.800,23.000,
30.950,11397.000,11419.000,32.600,42.000,22.000,
31.000,11417.000,11437.000,32.100,41.200,22.000,
31.050,11437.000,11455.000,32.600,39.900,21.000,
31.100,11457.000,11473.000,32.600,39.300,21.000,
31.150,11478.000,11491.000,32.600,38.500,20.000,
31.200,11499.000,11509.000,32.600,37.600,19.000,
31.250,11521.000,11529.000,28.200,36.500,18.000,
31.300,11543.000,11549.000,26.700,36.200,17.000,
31.350,11562.000,11566.000,28.200,35.300,16.000,
31.400,11583.000,11585.000,27.100,34.700,15.000,
31.450,11604.000,11605.000,27.800,34.000,13.000,
31.500,11623.000,11623.000,32.600,33.800,12.000,
31.550,11645.000,11646.000,32.100,32.600,11.000,
31.600,11663.000,11663.000,32.600,32.600,9.000,
31.650,11684.000,11683.000,32.600,32.800,8.000,
31.700,11704.000,11703.000,32.600,32.800,6.000,
31.750,11723.000,11723.000,32.600,32.800,4.000,
31.800,11742.000,11740.000,78.600,32.900,3.000,
31.850,11761.000,11754.000,78.600,32.900,1.000,
31.900,11780.000,11766.000,78.600,36.500,0.000,
31.950,11801.000,11779.000,78.600,32.600,-2.000,
32.000,11820.000,11791.000,78.700,32.600,-3.000,
32.050,11841.000,11803.000,78.700,32.600,-5.000,
32.100,11860.000,11815.000,32.600,32.600,-7.000,
32.150,11882.000,11832.000,32.600,32.600,-8.000,
32.200,11901.000,11850.000,32.600,32.600,-10.000,
32.250,11921.000,11865.000,78.400,32.600,-12.000,
32.300,11942.000,11879.000,78.400,32.600,-13.000,
32.350,11963.000,11893.000,78.400,32.600,-15.000,
32.400,11981.000,11907.000,78.800,32.600,-17.000,
32.450,12000.000,11921.000,32.600,32.600,-18.000,
32.500,12021.000,11938.000,32.600,52.300,-19.000,
32.550,12044.000,11959.000,32.600,52.400,-22.000,
32.600,12065.000,11977.000,32.600,52.400,-24.000,
32.650,12083.000,11995.000,32.600,52.400,-25.000,
32.700,12104.000,12013.000,32.600,50.000,-26.000,
32.750,12125.000,12032.000,35.300,49.200,-27.000,
32.800,12144.000,12049.000,35.300,68.100,-28.000,
32.850,12165.000,12067.000,35.300,67.200,-28.000,
32.900,12187.000,12085.000,32.600,47.400,-28.000,
32.950,12207.000,12101.000,32.200,64.300,-32.000,
33.000,12228.000,12119.000,32.200,44.800,-33.000,
33.050,12251.000,12138.000,27.300,42.000,-34.000,
33.100,12269.000,12154.000,28.200,60.900,-35.000,
33.150,12291.000,12173.000,28.000,42.700,-36.000,
33.200,12312.000,12191.000,28.000,60.500,-36.000,
33.250,12330.000,12207.000,27.100,58.100,-37.000,
33.300,12352.000,12226.000,27.300,58.000,-37.000,
33.350,12371.000,12242.000,27.300,56.700,-39.000,
33.400,12391.000,12259.000,26.700,55.900,-39.000,
33.450,12413.000,12279.000,26.700,54.600,-40.000,
33.500,12432.000,12298.000,27.300,54.200,-40.000,
33.550,12451.000,12315.000,27.100,52.700,-41.000,
33.600,12472.000,12333.000,27.300,51.800,-42.000,
33.650,12491.000,12349.000,27.100,41.000,-42.000,
33.700,12511.000,12367.000,27.300,50.400,-43.000,
33.750,12532.000,12385.000,27.300,49.200,-43.000,
33.800,12551.000,12403.000,27.300,48.300,-43.000,
33.850,12573.000,12423.000,27.300,47.500,-44.000,
33.900,12593.000,12441.000,27.600,46.400,-44.000,
33.950,12613.000,12458.000,27.300,45.600,-44.000,
34.000,12635.000,12477.000,27.300,43.600,-44.000,
34.050,12654.000,12493.000,27.300,43.500,-46.000,
34.100,12675.000,12511.000,27.300,42.700,-46.000,
34.150,12697.000,12529.000,27.300,41.800,-46.000,
34.200,12715.000,12545.000,27.300,41.000,-46.000,
34.250,12736.000,12563.000,27.300,39.700,-48.000,
34.300,12757.000,12581.000,27.300,39.300,-49.000,
34.350,12778.000,12601.000,27.300,38.000,-50.000,
34.400,12801.000,12621.000,27.300,37.200,-50.000,
34.450,12817.000,12635.000,27.300,36.400,-51.000,
34.500,12837.000,12652.000,27.300,35.700,-51.000,
34.550,12858.000,12669.000,27.300,34.900,-51.000,
34.600,12879.000,12687.000,26.700,34.500,-51.000,
34.650,12897.000,12703.000,27.100,32.800,-51.000,
34.700,12919.000,12721.000,27.100,32.100,-54.000,
34.750,12939.000,12739.000,26.700,32.100,-55.000,
34.800,12960.000,12756.000,26.300,30.800,-55.000,
34.850,12980.000,12773.000,27.100,29.700,-55.000,
34.900,13000.000,12791.000,26.700,28.900,-55.000,
34.950,13021.000,12810.000,26.300,28.100,-54.000,
35.000,13039.000,12825.000,26.700,26.700,-53.000,
35.050,13061.000,12845.000,27.300,25.900,-52.000,
35.100,13079.000,12860.000,28.100,24.900,-51.000,
35.150,13099.000,12877.000,28.000,24.300,-50.000,
35.200,13121.000,12897.000,26.700,23.500,-50.000,
35.250,13139.000,12915.000,26.300,22.500,-50.000,
35.300,13159.000,12931.000,25.900,21.700,-49.000,
35.350,13179.000,12949.000,26.700,21.100,-49.000,
35.400,13201.000,12967.000,26.500,20.500,-49.000,
35.450,13219.000,12983.000,25.900,19.500,-49.000,
35.500,13239.000,12999.000,25.900,18.900,-48.000,
35.550,13261.000,13017.000,25.900,18.500,-48.000,
35.600,13284.000,13037.000,25.900,17.900,-48.000,
35.650,13303.000,13054.000,25.900,16.200,-48.000,
35.700,13324.000,13072.000,25.700,15.600,-48.000,
35.750,13344.000,13090.000,25.900,14.700,-48.000,
35.800,13368.000,13110.000,25.900,13.700,-48.000,
35.850,13389.000,13129.000,25.900,12.800,-48.000,
35.900,13408.000,13146.000,25.900,12.200,-47.000,
35.950,13426.000,13161.000,25.900,11.200,-47.000,
36.000,13448.000,13179.000,25.900,10.700,-46.000,
36.050,13468.000,13197.000,25.900,9.900,-45.000,
36.100,13487.000,13213.000,25.900,9.300,-45.000,
36.150,13508.000,13231.000,25.900,8.600,-44.000,
36.200,13528.000,13249.000,25.900,8.400,-44.000,
36.250,13548.000,13266.000,25.900,7.200,-44.000,
36.300,13566.000,13282.000,25.900,7.600,-44.000,
36.350,13587.000,13301.000,25.900,5.800,-45.000,
36.400,13608.000,13319.000,25.900,5.500,-45.000,
36.450,13631.000,13339.000,25.900,4.900,-46.000,
36.500,13650.000,13355.000,25.700,3.800,-46.000,
36.550,13671.000,13374.000,25.100,3.600,-46.000,
36.600,13692.000,13391.000,25.700,3.000,-47.000,
36.650,13712.000,13410.000,25.100,3.000,-47.000,
36.700,13733.000,13429.000,25.900,3.000,-47.000,
36.750,13753.000,13447.000,25.100,3.000,-47.000,
36.800,13775.000,13467.000,25.500,2.800,-47.000,
36.850,13796.000,13485.000,13.800,2.800,-46.000,
36.900,13813.000,13500.000,15.600,19.900,-46.000,
36.950,13833.000,13516.000,15.800,19.900,-46.000,
