0.005
0
0
1474
0
2550
0.136
0
0
1474
0
2550
0.263
0
0
1474
0
2550
0.388
0
0
1474
0
2550
0.513
0
0
1472
0
2550
0.639
0
0
1472
0
2550
0.769
0
0
1472
0
2550
0.894
0
0
1474
0
2550
1.023
0
0
1468
1
2550
1.151
0
1
1468
1
2550
1.276
6
6
1468
1
2550
1.406
17
18
1464
1
2550
1.536
36
37
1468
1
2550
1.662
55
59
1460
1
2550
1.788
76
82
1460
1
2550
1.915
98
102
1464
1
2550
2.05
121
122
1460
0
2550
2.178
144
145
1460
0
2550
2.306
166
171
1460
0
2550
2.433
190
195
1457
0
2550
2.56
219
221
1456
0
2550
2.686
246
248
1450
-1
2550
2.814
273
269
1450
-2
2550
2.942
298
294
1450
-1
2550
3.072
320
324
1451
0
2550
3.201
342
354
1448
1
2550
3.335
371
385
1443
1
2550
3.463
402
413
1448
1
2550
3.589
433
445
1442
1
2550
3.716
465
480
1443
2
2550
3.843
498
521
1444
4
2550
3.976
534
567
1442
5
2550
4.103
571
607
1443
7
2550
4.234
610
651
1438
8
353
4.363
645
693
1435
9
353
4.494
683
736
1437
10
353
4.624
722
775
1438
10
2550
4.753
758
817
1436
12
2550
4.884
791
865
1434
15
2550
5.012
825
911
1147
17
2550
5.144
861
957
1098
20
2550
5.273
895
1001
1091
22
2550
5.401
928
1044
1099
24
2550
5.531
960
1082
1101
26
2550
5.659
992
1120
1111
29
2550
5.788
1022
1154
1107
30
2550
5.917
1047
1185
1115
31
2550
6.047
1072
1217
1105
32
2550
6.174
1098
1246
1114
33
2550
6.305
1123
1274
1113
33
2550
6.432
1148
1303
1111
34
2550
6.56
1176
1334
1119
35
2550
6.69
1208
1369
1122
36
2550
6.818
1242
1411
1123
37
2550
6.946
1278
1454
1131
38
2550
7.074
1317
1495
1028
39
2550
7.201
1358
1537
1032
39
2550
7.33
1394
1579
1130
40
2550
7.458
1425
1618
1139
42
2550
7.588
1460
1659
1137
43
2550
7.715
1500
1701
1139
43
2550
7.843
1546
1748
1141
43
2550
7.971
1598
1801
1147
43
1456
8.098
1650
1853
1152
43
2550
8.228
1700
1909
899
44
2550
8.362
1744
1960
1152
45
2550
8.491
1783
2005
1152
47
2550
8.62
1824
2052
1152
48
2550
8.751
1864
2098
1162
46
2550
8.879
1901
2129
1210
46
2550
9.007
1941
2157
817
44
2550
9.136
1978
2188
802
42
2550
9.266
2016
2226
780
41
2550
9.399
2060
2269
764
41
1641
9.53
2105
2313
770
40
2550
9.656
2152
2359
770
39
1684
9.785
2203
2406
720
38
1765
9.913
2258
2459
720
37
1701
10.041
2317
2514
698
36
1709
10.168
2371
2566
670
35
1722
10.295
2424
2617
660
34
1731
10.423
2472
2662
644
33
1738
10.553
2516
2702
653
32
1746
10.68
2564
2745
614
30
1765
10.811
2614
2789
614
28
1775
10.939
2666
2833
582
26
1777
11.067
2718
2878
570
24
1770
11.195
2767
2922
574
23
1786
11.321
2811
2963
551
21
1795
11.451
2853
3004
518
20
1800
11.58
2892
3043
525
20
1800
11.706
2934
3081
506
19
1800
11.834
2980
3122
498
18
1800
11.961
3026
3166
483
17
1800
12.093
3068
3207
479
16
1800
12.22
3112
3247
473
14
1849
12.35
3155
3285
464
13
1849
12.476
3198
3323
455
11
1849
12.607
3242
3359
456
8
1849
12.734
3288
3395
447
6
464
12.863
3333
3434
460
5
464
12.991
3379
3481
462
5
464
13.121
3425
3532
454
5
464
13.248
3470
3578
443
5
464
13.378
3518
3627
437
4
464
13.504
3566
3673
427
3
464
13.634
3615
3718
416
2
464
13.762
3667
3764
408
0
464
13.889
3721
3813
391
-1
464
14.019
3776
3865
374
-3
1875
14.147
3832
3919
365
-4
1871
14.275
3889
3972
357
-5
1875
14.403
3939
4024
348
-4
1877
14.537
3989
4079
338
-4
1874
14.668
4036
4128
329
-3
1866
14.798
4085
4180
321
-3
1873
14.925
4134
4235
321
-2
1873
15.053
4180
4288
320
-1
1873
15.183
4229
4340
303
-1
1873
15.309
4277
4386
298
-2
1873
15.436
4320
4425
294
-3
1873
15.562
4368
4467
282
-6
1866
15.694
4423
4511
267
-7
1866
15.821
4472
4557
257
-8
1871
15.949
4516
4609
247
-8
1873
16.079
4566
4663
241
-8
1873
16.209
4616
4712
235
-7
1873
16.335
4662
4760
229
-7
1862
16.464
4708
4807
220
-8
1862
16.594
4756
4853
217
-9
1854
16.724
4806
4897
211
-9
1854
16.85
4850
4944
205
-10
1854
16.98
4893
4994
191
-10
1856
17.107
4938
5041
191
-9
1850
17.238
4984
5083
189
-9
1841
17.366
5024
5124
184
-9
1839
17.492
5059
5167
197
-8
1839
17.62
5100
5213
626
-7
1841
17.748
5144
5262
561
-6
1839
17.879
5194
5318
597
-5
1837
18.007
5240
5370
561
-5
1831
18.138
5287
5421
536
-5
1835
18.265
5334
5465
536
-5
1837
18.396
5380
5505
518
-7
1837
18.523
5424
5544
532
-9
609
18.649
5473
5582
540
-12
1835
18.777
5526
5623
544
-16
1452
18.904
5574
5659
551
-19
1830
19.037
5622
5695
559
-22
1862
19.163
5664
5726
561
-24
1854
19.291
5703
5762
609
-26
2550
19.419
5740
5797
563
-28
1831
19.545
5779
5827
563
-30
1830
19.671
5823
5855
573
-34
2550
19.797
5868
5886
581
-37
2550
19.925
5912
5925
588
-39
2550
20.054
5957
5965
588
-41
2550
20.18
6003
6008
588
-43
2550
20.309
6051
6053
588
-44
2550
20.438
6098
6100
1093
-44
2550
20.564
6146
6145
1076
-45
2550
20.692
6196
6185
1066
-48
2550
20.819
6246
6226
1068
-50
2550
20.956
6296
6276
1068
-51
2550
21.082
6342
6325
1066
-51
2550
21.208
6391
6373
1076
-52
2550
21.338
6445
6426
1074
-53
2550
21.466
6497
6479
1080
-54
2550
21.595
6555
6532
1082
-57
2550
21.723
6612
6576
1092
-58
2550
21.851
6668
6628
1103
-59
2550
21.981
6722
6686
1111
-60
2550
22.109
6776
6740
1122
-60
2550
22.243
6832
6800
1137
-60
2550
22.371
6892
6863
1145
-60
2550
22.5
6954
6921
1164
-61
2550
22.628
7014
6983
1076
-61
2550
22.756
7069
7045
1208
-61
2550
22.884
7126
7100
1217
-62
2550
23.013
7180
7150
1238
-63
2550
23.143
7229
7200
1259
-64
2550
23.27
7276
7246
1262
-64
2550
23.399
7322
7285
1288
-66
2550
23.527
7366
7324
2550
-67
2550
23.653
7407
7365
1332
-68
2550
23.782
7451
7414
2550
-66
2550
23.911
7494
7466
1917
-66
2550
24.04
7540
7519
2550
-65
2550
24.166
7588
7569
1397
-65
2550
24.296
7640
7617
2550
-67
2550
24.425
7694
7662
2550
-69
2550
24.552
7749
7708
2550
-71
2550
24.683
7803
7760
2550
-72
2550
24.809
7854
7812
2550
-72
2550
24.937
7902
7869
2550
-71
2550
25.064
7953
7927
2550
-71
2550
25.192
8012
7985
2550
-71
2550
25.319
8074
8039
1097
-73
878
25.447
8133
8096
2550
-73
2550
25.574
8188
8156
2550
-73
2550
25.706
8244
8221
2550
-73
2550
25.833
8299
8280
2550
-72
2550
25.96
8356
8332
2550
-74
2550
26.089
8416
8381
2550
-76
2550
26.22
8474
8433
2550
-77
2550
26.347
8524
8485
2550
-78
2550
26.48
8574
8542
2550
-77
2550
26.608
8624
8603
2550
-75
2550
26.737
8676
8665
2550
-74
2550
26.863
8733
8720
1097
-74
2550
26.989
8792
8773
2550
-76
2550
27.117
8852
8833
2550
-76
2550
27.252
8913
8900
2550
-75
2550
27.384
8970
8974
2550
-72
349
27.513
9026
9042
2550
-70
2550
27.644
9076
9102
2550
-67
2550
27.772
9121
9157
2550
-64
2550
27.901
9161
9212
2550
-61
2550
28.03
9196
9266
2550
-57
2550
28.158
9234
9325
2550
-54
2550
28.296
9280
9385
2550
-51
397
28.424
9325
9434
2550
-48
464
28.551
9364
9484
2550
-46
462
28.68
9402
9535
2550
-44
462
28.809
9444
9588
2550
-41
326
28.94
9490
9652
2169
-38
986
29.068
9540
9716
2550
-36
326
29.196
9586
9770
2550
-33
219
29.323
9628
9819
2550
-31
203
29.453
9670
9871
2550
-29
191
29.58
9704
9920
2550
-26
173
29.708
9738
9971
2197
-23
158
29.834
9775
10023
1974
-21
149
29.963
9819
10073
1974
-20
139
30.091
9865
10118
1965
-18
130
30.221
9906
10168
1965
-17
122
30.348
9946
10217
1969
-16
113
30.478
9989
10264
1969
-14
107
30.606
10032
10315
1974
-12
101
30.738
10079
10383
1980
-8
94
30.867
10129
10449
1988
-5
91
30.994
10184
10512
1983
-4
93
31.123
10239
10567
1983
-3
93
31.252
10291
10621
1984
-3
93
31.379
10339
10677
1984
-3
93
31.507
10389
10729
1984
-2
93
31.634
10441
10782
1972
-3
93
31.765
10494
10832
1973
-3
86
31.891
10547
10881
1982
-4
86
32.023
10600
10933
1982
-4
86
32.152
10646
10985
1984
-3
86
32.282
10689
11036
1982
-2
86
32.41
10736
11089
1982
-1
86
32.537
10784
11141
1978
0
86
32.669
10831
11192
1982
-1
86
32.795
10876
11234
1980
-2
86
32.924
10928
11276
1982
-4
86
33.051
10979
11319
1978
-5
114
33.18
11024
11368
1984
-5
82
33.312
11067
11419
1990
-2
84
33.442
11112
11481
1985
0
77
33.571
11155
11537
1984
0
82
33.699
11197
11581
1983
2
86
33.829
11242
11619
1984
1
86
33.956
11287
11657
1982
-1
86
34.082
11332
11694
1982
-3
86
34.212
11376
11741
1982
-3
86
34.338
11422
11794
1984
-3
86
34.466
11478
11851
1982
-2
93
34.599
11532
11908
1978
-2
86
34.73
11582
11959
1982
-2
86
34.857
11630
12008
1982
-3
86
34.986
11685
12052
1982
-5
86
35.113
11739
12100
1984
-5
86
35.243
11786
12155
1984
-4
86
35.373
11834
12220
1984
-1
86
35.5
11882
12284
1983
1
86
35.631
11930
12342
1984
4
95
35.76
11981
12399
1982
5
94
35.887
12030
12455
1982
8
113
36.018
12079
12516
1985
10
112
36.147
12122
12579
1968
13
114
36.278
12167
12635
2018
14
126
36.406
12208
12677
2036
16
139
36.533
12245
12718
2550
17
145
36.664
12276
12756
2550
19
154
36.79
12306
12793
2550
19
157
36.925
12349
12836
2550
19
170
37.054
12400
12887
2550
18
181
37.185
12457
12946
2132
18
184
37.314
12517
13007
2550
18
195
37.447
12581
13071
1202
18
213
37.577
12644
13136
2550
18
219
37.705
12712
13201
2550
19
234
37.834
12779
13269
2550
18
251
37.967
12845
13339
2550
17
259
38.094
12905
13399
2550
18
271
38.225
12960
13454
2550
19
281
38.353
13009
13511
2550
19
297
38.484
13066
13574
2550
20
322
38.611
13132
13642
2550
21
328
38.74
13194
13709
1839
22
340
38.87
13256
13776
1740
23
361
38.999
13314
13837
2550
25
374
39.132
13369
13905
1993
27
399
39.26
13427
13976
2550
27
416
39.393
13500
14046
2550
27
428
39.519
13569
14110
1917
27
446
39.649
13626
14164
1911
25
455
39.776
13683
14218
1881
25
471
39.906
13732
14268
1862
25
481
40.036
13778
14317
1867
25
491
40.164
13830
14374
1848
25
511
40.297
13883
14428
1856
26
527
40.427
13930
14479
1835
27
538
40.559
13976
14533
1807
28
551
40.686
14020
14587
1821
31
581
40.813
14064
14646
1799
34
598
40.941
14110
14709
1785
36
668
41.068
14170
14773
1801
36
649
41.194
14235
14833
1771
36
649
41.323
14292
14885
1746
37
702
41.45
14344
14943
1740
37
702
41.58
14394
15008
1732
40
729
41.711
14447
15078
1726
43
773
41.841
14508
15151
1702
44
766
41.968
14569
15211
1692
44
826
42.095
14629
15267
1665
44
1099
42.225
14687
15320
1589
43
877
42.353
14742
15375
1646
44
1091
42.483
14791
15440
1627
45
879
42.611
14842
15497
1642
46
886
42.743
14905
15553
1601
45
931
42.869
14968
15605
1581
43
2550
43.002
15026
15658
1572
43
971
43.129
15076
15717
1555
44
998
43.255
15120
15780
1551
48
1030
43.387
15170
15848
1549
50
2550
43.517
15225
15910
1529
52
2550
43.649
15288
15973
1513
51
2550
43.778
15350
16031
1499
50
2550
43.909
15417
16092
1486
48
2550
44.043
15481
16150
1468
48
2550
44.169
15537
16208
1464
47
2550
44.296
15590
16259
1444
46
1189
44.427
15648
16307
1436
45
2550
44.554
15701
16359
1430
45
1246
44.681
15752
16419
1426
45
1253
44.811
15804
16477
1200
46
1288
44.938
15864
16544
1414
46
2550
45.066
15925
16604
939
45
2550
45.193
16002
16661
1413
42
2550
45.323
16075
16720
1398
40
1362
45.452
16143
16792
1397
40
1385
45.582
16206
16867
1024
41
1412
45.71
16272
16937
1402
40
1442
45.838
16344
16998
1000
39
1430
45.965
16419
17063
947
38
1464
46.094
16479
17123
915
37
1490
46.222
16532
17183
893
38
1512
46.352
16586
17249
885
39
1529
46.479
16642
17306
869
39
765
46.608
16705
17358
843
36
1563
46.735
16770
17405
804
33
1577
46.867
16827
17451
792
32
1611
46.994
16870
17497
780
30
1597
47.122
16906
17544
770
33
1603
47.248
16942
17592
766
33
1619
47.376
16991
17639
764
33
1633
47.506
17047
17682
764
30
1635
47.634
17102
17719
764
25
1640
47.764
17153
17755
726
22
1654
47.893
17196
17800
726
22
1658
48.027
17240
17854
726
22
1668
48.155
17284
17905
705
24
1687
48.284
17332
17961
705
25
1701
48.411
17386
18020
742
25
1730
48.543
17453
18075
742
23
1738
48.669
17518
18129
742
22
1746
48.796
17576
18188
742
21
1756
48.924
17630
18249
641
22
1771
49.054
17678
18302
595
22
1785
49.19
17736
18359
559
21
1793
49.317
17796
18410
546
18
1795
49.446
17866
18456
540
15
1805
49.573
17927
18506
553
13
1809
49.707
17982
18559
544
12
1813
49.837
18024
18609
536
12
1813
49.968
18067
18662
553
13
1813
50.096
18116
18708
537
12
1813
50.226
18174
18753
527
9
462
50.359
18229
18797
519
8
462
50.489
18274
18843
510
7
462
50.616
18314
18885
509
7
456
50.747
18352
18926
504
8
456
50.877
18389
18967
498
7
456
51.004
18434
19013
498
7
1873
51.132
18491
19062
490
4
1873
51.258
18554
19109
483
2
481
51.388
18611
19156
481
-1
511
51.516
18661
19207
479
-1
473
51.642
18708
19257
475
-1
1892
51.774
18758
19311
366
0
481
51.901
18809
19366
474
0
374
52.03
18870
19429
475
0
1031
52.156
18936
19490
464
-2
1031
52.282
19000
19547
471
-3
1031
52.41
19060
19603
464
-4
1031
52.539
19115
19661
469
-5
1031
52.667
19173
19722
469
-6
469
52.796
19241
19781
469
-7
483
52.922
19307
19836
464
-9
483
53.05
19366
19893
464
-10
483
53.18
19418
19944
469
-9
443
53.312
19463
19998
471
-8
443
53.441
19506
20057
471
-6
429
53.569
19561
20119
471
-5
464
53.698
19628
20181
471
-6
443
53.829
19700
20246
464
-8
435
53.956
19762
20305
469
-9
437
54.084
19822
20366
462
-9
474
54.216
19882
20431
469
-9
425
54.342
19946
20496
475
-9
447
54.471
20019
20564
474
-11
429
54.598
20090
20628
481
-12
429
54.726
20156
20691
469
-13
475
54.854
20213
20753
479
-13
475
54.98
20266
20806
456
-14
411
55.108
20330
20862
437
-16
411
55.239
20395
20914
445
-19
411
55.366
20455
20964
452
-20
411
55.495
20508
21015
460
-21
411
55.621
20553
21065
464
-22
411
55.747
20599
21115
474
-22
411
55.876
20652
21164
492
-23
411
56.004
20716
21219
504
-25
1846
56.13
20781
21279
499
-26
1825
56.258
20844
21341
517
-27
1809
56.389
20903
21400
532
-28
1816
56.516
20958
21455
546
-29
1809
56.647
21015
21507
570
-31
1791
56.773
21078
21559
590
-33
1825
56.9
21142
21614
605
-35
1769
57.029
21199
21666
641
-36
1757
57.157
21250
21717
670
-37
2550
57.284
21292
21761
670
-38
1746
57.412
21338
21803
670
-38
2550
57.54
21391
21852
779
-40
1724
57.672
21450
21907
796
-41
2550
57.801
21506
21965
1080
-41
2550
